
Final accuracy = [97.42], 
ECE = 0.019670524519681952, 
BS = 0.04470440607412832, 
NLL = 0.1583443582057953
Final accuracy = [86.67], 
ECE = 0.02725438820719721, 
BS = 0.19480501939363096, 
NLL = 0.3930290937423706