
Final accuracy = [97.61], 
ECE = 0.012156876623630524, 
BS = 0.03807089259566048, 
NLL = 0.08909095823764801
Final accuracy = [87.15], 
ECE = 0.04163926838636397, 
BS = 0.18988567365767292, 
NLL = 0.39080384373664856