
Final accuracy = [97.25], 
ECE = 0.0076869736722577076, 
BS = 0.040682636645031835, 
NLL = 0.08272447355877562
Final accuracy = [78.74], 
ECE = 0.06916936769865004, 
BS = 0.318355854931942, 
NLL = 0.6218883390687694